00011997_000.png 0 0 0 0 0 0 0 0 0 0 0 0 0 0 1
00011997_001.png 0 0 0 0 0 0 0 0 0 0 0 0 0 0 1
00011997_002.png 0 0 0 0 0 0 0 0 0 0 0 0 0 0 1
00011997_003.png 0 0 1 0 0 0 0 0 0 0 0 0 0 0 0
00011997_004.png 0 1 1 1 0 0 0 0 0 0 0 0 0 0 0
00011997_005.png 0 0 0 0 0 0 0 0 0 0 0 0 0 0 1
00011997_006.png 0 0 0 0 0 0 0 0 0 0 0 0 0 0 1
00011997_007.png 0 0 0 0 0 0 0 0 0 0 0 0 0 0 1
00011997_008.png 0 0 0 1 0 0 0 0 0 0 0 0 0 0 0
00011997_009.png 0 0 0 0 0 0 0 0 0 0 0 0 0 0 1
00011997_010.png 0 0 1 0 0 0 0 0 0 0 0 0 0 0 0
00014303_000.png 1 0 1 0 0 0 0 0 0 0 0 0 0 0 0
00014303_001.png 0 0 0 1 0 0 0 0 0 0 0 0 0 0 0
00002928_000.png 0 0 0 0 0 0 0 0 0 0 0 0 0 0 1
00002928_001.png 0 0 0 0 0 0 0 0 0 0 0 0 0 0 1
00020621_000.png 0 0 0 0 0 0 0 0 0 0 0 0 0 0 1
00001306_000.png 0 0 0 0 0 0 0 0 0 0 0 1 0 0 0
00018266_000.png 0 0 0 0 0 0 0 0 0 0 0 0 0 0 1
00018266_001.png 0 0 0 0 0 0 0 0 0 0 0 0 0 0 1
00008120_000.png 0 0 0 0 0 0 0 0 0 0 0 0 0 0 1
00012743_000.png 0 0 0 0 0 0 0 0 0 0 0 0 0 0 1
00003548_000.png 0 0 0 0 0 0 0 0 0 0 0 0 0 0 1
00003548_001.png 0 0 0 0 0 0 0 0 0 0 0 0 0 0 1
00003548_002.png 0 0 0 0 0 0 0 0 0 0 0 0 0 0 1
00003548_003.png 1 0 0 0 0 0 0 0 0 0 0 0 0 0 0
00003548_004.png 1 0 0 0 0 0 0 0 0 0 0 0 0 0 0
00003548_005.png 0 0 0 0 0 0 0 0 0 0 0 0 0 0 1
00003548_006.png 0 0 0 0 0 0 0 0 0 0 0 0 0 0 1
00003548_007.png 0 0 0 0 0 0 0 0 0 0 0 0 0 0 1
00003548_008.png 0 0 0 0 0 0 0 0 0 0 0 0 0 0 1
00003548_009.png 0 0 0 0 0 0 0 0 0 0 0 0 0 0 1
00003548_010.png 1 0 1 0 0 0 0 0 0 1 0 0 0 0 0
00003548_011.png 1 0 1 0 0 0 0 0 0 1 0 0 0 0 0
00003548_012.png 0 0 0 0 0 0 0 0 0 0 0 0 0 0 1
00003548_013.png 0 0 0 0 0 0 0 0 0 0 0 0 0 0 1
00003548_014.png 0 0 0 0 0 0 0 0 1 0 0 0 0 0 0
00013538_000.png 0 0 0 0 0 0 0 0 0 0 0 0 0 0 1
00022573_000.png 0 0 0 1 0 0 0 0 0 0 0 0 0 0 0
00001215_000.png 0 0 0 0 0 0 0 0 0 0 0 0 0 0 1
00001215_001.png 0 0 0 0 0 0 0 0 0 0 0 0 0 0 1
00018268_000.png 0 0 0 0 0 0 0 0 0 0 0 0 0 0 1
00027630_000.png 0 0 0 0 0 0 0 0 0 0 0 0 0 0 1
00027630_001.png 0 0 0 0 0 0 0 0 0 0 0 0 0 0 1
00006822_000.png 1 0 0 0 0 0 1 0 0 0 0 0 0 0 0
00006822_001.png 0 0 0 0 0 0 0 0 0 0 0 0 0 0 1
00006484_000.png 0 0 0 0 0 0 0 0 0 0 0 0 0 0 1
00006484_001.png 0 0 0 0 0 0 0 0 0 0 0 0 0 0 1
00005621_000.png 1 0 1 0 0 0 0 0 0 0 0 0 0 0 0
00005621_001.png 1 0 1 0 0 0 0 0 0 0 0 0 0 0 0
00019427_000.png 0 0 1 1 0 0 0 0 0 0 0 0 0 0 0
00019427_001.png 0 0 1 0 0 0 0 0 0 0 0 0 0 0 0
00002463_000.png 0 0 0 0 0 0 0 0 0 0 0 0 0 0 1
00002463_001.png 0 0 0 0 0 0 0 0 0 0 0 0 0 0 1
00002463_002.png 0 0 0 0 0 0 0 0 0 0 0 0 0 0 1
00002463_003.png 0 0 0 0 0 0 0 0 0 0 0 0 0 0 1
00002463_004.png 0 0 0 0 0 0 0 0 0 0 0 0 0 0 1
00015281_000.png 0 0 0 0 0 0 0 0 0 0 0 0 0 0 1
00000225_000.png 0 0 0 0 0 0 0 0 0 0 0 0 0 0 1
00000225_001.png 0 0 0 0 0 0 0 0 0 0 0 0 0 0 1
00017062_000.png 0 0 0 1 0 0 0 0 0 0 0 0 0 0 0
00000281_000.png 0 0 0 0 0 0 0 0 0 0 0 0 0 0 1
00000281_001.png 0 0 0 0 0 0 0 0 0 0 0 0 0 0 1
00000281_002.png 0 0 0 0 0 0 0 0 0 0 0 0 0 0 1
00012191_000.png 0 0 0 0 0 0 0 0 0 0 0 0 0 0 1
00012191_001.png 0 0 1 0 0 0 0 0 0 0 0 0 0 0 0
00020265_000.png 0 0 0 0 0 0 0 0 0 0 0 0 0 0 1
00012932_000.png 0 0 0 0 0 0 0 0 0 0 0 0 0 0 1
00012932_001.png 0 0 0 0 0 0 0 0 0 0 0 0 0 0 1
00000969_000.png 0 0 0 0 0 0 0 0 0 0 0 0 0 0 1
00025091_000.png 0 0 0 1 0 0 0 0 0 0 0 0 0 0 0
00025091_001.png 0 0 0 0 0 0 0 0 0 0 0 0 0 0 1
00007954_000.png 0 0 0 0 0 0 0 0 0 0 0 0 0 0 1
00000402_000.png 0 0 0 0 0 0 0 0 0 0 0 1 0 0 0
00000402_001.png 0 0 0 1 0 1 0 0 1 0 0 1 0 0 0
00000402_002.png 0 0 1 1 0 1 0 0 1 0 0 0 0 0 0
00000402_003.png 0 0 0 0 0 0 0 0 0 0 0 0 0 0 1
00000402_004.png 0 0 0 1 0 0 0 0 0 0 0 1 0 0 0
00000402_005.png 0 0 1 0 0 0 0 0 0 0 1 0 1 0 0
00000402_006.png 0 0 1 1 0 0 0 0 0 0 0 1 0 0 0
00000402_007.png 0 0 0 0 0 0 0 0 0 0 0 0 0 0 1
00000402_008.png 0 0 0 0 0 0 0 0 0 0 0 0 0 0 1
00000402_009.png 0 0 1 0 0 0 0 0 0 0 0 0 0 0 0
00000402_010.png 0 0 1 0 0 0 0 0 0 0 0 1 0 0 0
00023286_000.png 0 0 0 0 0 0 0 0 0 0 0 0 0 0 1
00023286_001.png 0 0 0 0 0 0 0 0 0 0 0 0 0 0 1
00023286_002.png 0 0 0 0 0 0 0 0 0 0 0 0 0 0 1
00023286_003.png 1 0 0 0 0 0 0 0 0 0 0 0 0 0 0
00017943_000.png 0 0 1 0 0 0 0 0 0 0 0 0 0 0 0
00017943_001.png 0 0 1 0 0 0 0 1 0 0 0 0 0 0 0
00017943_002.png 0 0 1 0 1 0 0 0 1 0 0 0 0 0 0
00010151_000.png 0 0 0 0 0 0 0 0 0 0 0 0 0 0 1
00018469_000.png 0 0 0 0 0 0 0 0 0 0 0 0 0 0 1
00030774_000.png 0 0 0 0 0 0 0 0 1 0 0 0 0 0 0
00017581_000.png 0 0 0 0 0 0 0 0 0 0 0 0 0 0 1
00002416_000.png 0 0 0 0 0 0 0 0 0 0 0 0 1 0 0
00017280_000.png 0 0 0 0 0 0 0 0 0 0 0 0 0 0 1
00000179_000.png 0 0 0 0 0 0 0 0 0 0 0 0 0 0 1
00000179_001.png 0 0 0 1 0 0 0 0 0 0 0 0 0 0 0
00000179_002.png 1 0 0 1 0 0 0 0 0 0 0 0 0 0 0
00000179_003.png 0 0 0 1 0 0 0 0 0 0 0 0 0 0 0
00000179_004.png 0 0 0 1 0 0 0 0 1 0 0 0 0 0 0
00000179_005.png 0 0 0 1 0 0 0 0 1 0 0 0 0 0 0
00000179_006.png 1 0 1 0 0 0 0 0 0 0 0 0 0 0 0
00000179_007.png 0 0 1 0 0 0 0 0 1 0 0 0 0 0 0
00026998_000.png 0 0 0 1 0 0 0 0 0 0 0 0 0 0 0
00026998_001.png 0 0 0 0 0 0 0 0 0 0 0 0 0 0 1
00026998_002.png 0 0 0 1 0 0 0 0 0 0 0 0 0 0 0
00010581_000.png 0 0 0 0 0 0 0 0 0 0 0 0 0 0 1
00022721_000.png 0 0 0 0 0 0 0 0 0 0 0 0 0 0 1
00019803_000.png 0 0 0 0 0 0 0 0 0 0 0 0 0 0 1
00010834_000.png 0 0 1 0 0 0 0 0 0 0 0 0 0 0 0
00010834_001.png 0 0 1 0 0 0 0 1 0 0 0 0 0 0 0
00005586_000.png 0 0 0 0 0 0 0 0 0 0 0 0 0 0 1
00005586_001.png 0 0 0 0 0 0 0 0 0 0 0 0 0 0 1
00004142_000.png 0 0 0 0 0 0 0 0 0 0 0 0 0 0 1
00020702_000.png 0 0 0 1 0 1 0 0 0 0 0 0 0 0 0
00020702_001.png 0 0 0 0 0 1 0 0 0 0 0 0 0 0 0
00020702_002.png 0 0 1 1 0 0 0 0 0 0 0 0 0 0 0
00020702_003.png 0 0 0 0 0 0 0 0 0 0 0 0 0 0 1
00020702_004.png 0 0 1 0 0 0 0 0 0 0 0 0 0 0 0
00020702_005.png 0 0 1 0 0 0 0 0 0 0 0 0 0 0 0
00020702_006.png 0 0 0 0 0 0 0 0 0 0 0 0 0 0 1
00020702_007.png 0 0 0 0 0 0 0 0 0 0 0 0 0 0 1
00020702_008.png 0 0 0 0 0 0 0 0 0 0 0 0 0 0 1
00020702_009.png 0 0 1 1 0 0 0 0 0 0 0 0 0 0 0
00020702_010.png 0 0 0 0 0 0 0 0 0 0 0 0 0 0 1
00020702_011.png 0 0 0 0 0 0 0 0 0 0 0 0 0 0 1
00012110_000.png 0 0 0 0 0 0 0 0 0 0 0 0 0 0 1
00008644_000.png 0 0 0 0 0 0 0 0 0 0 0 0 0 0 1
00008588_000.png 0 0 0 0 0 0 0 0 0 0 0 0 0 0 1
00016254_000.png 0 0 0 0 0 0 0 0 0 0 0 0 0 0 1
00018567_000.png 0 0 0 0 0 0 0 0 0 0 0 0 0 0 1
00011426_000.png 0 0 0 0 0 0 0 0 0 0 0 0 0 0 1
00011426_001.png 0 0 0 0 0 0 0 0 0 0 0 0 0 0 1
00018855_000.png 0 0 0 0 0 0 0 0 0 0 0 0 0 0 1
00018855_001.png 0 0 0 0 0 0 0 0 0 0 0 0 0 0 1
00018855_002.png 0 1 1 0 0 0 0 0 0 0 0 0 0 0 0
00013326_000.png 0 0 0 0 0 0 0 0 0 0 0 0 0 0 1
00016908_000.png 0 0 0 0 0 0 0 0 0 0 0 0 0 0 1
00016908_001.png 0 0 0 0 0 0 0 0 0 0 0 0 0 0 1
00027976_000.png 0 1 1 0 0 0 0 0 0 0 0 0 0 0 0
00014997_000.png 0 0 0 0 0 0 0 0 0 0 0 0 0 0 1
00003675_000.png 0 0 0 0 0 0 0 0 0 0 0 1 0 0 0
00003675_001.png 0 0 0 0 0 0 0 0 0 0 0 1 0 0 0
00003675_002.png 0 0 0 0 0 0 0 0 0 0 1 1 0 0 0
00009350_000.png 0 0 0 0 0 0 0 0 0 0 0 0 0 0 1
00009350_001.png 0 0 0 0 0 0 0 0 0 0 0 0 0 0 1
00009350_002.png 0 0 0 0 0 0 0 0 0 0 0 0 0 0 1
00009350_003.png 0 0 0 0 0 0 0 0 0 0 0 0 0 0 1
00009350_004.png 0 0 0 0 0 0 0 1 0 0 0 0 0 0 0
00009350_005.png 0 0 0 1 0 0 0 0 0 0 0 0 0 0 0
00009350_006.png 0 0 0 0 0 0 0 0 0 0 0 0 0 0 1
00009350_007.png 0 0 0 0 0 0 0 0 0 0 0 0 0 0 1
00018107_000.png 0 0 0 0 0 1 0 0 0 0 0 0 0 0 0
00014650_000.png 0 0 0 0 0 0 0 0 0 0 0 0 0 0 1
00014650_001.png 1 1 1 0 0 0 0 0 0 0 0 0 0 0 0
00020380_000.png 0 0 0 0 0 0 0 0 0 0 0 0 0 0 1
00020380_001.png 1 0 0 0 0 0 0 0 0 0 0 0 0 0 0
00020380_002.png 0 0 0 0 0 0 0 0 0 0 0 0 0 0 1
00015824_000.png 0 0 0 0 0 0 0 0 0 0 0 0 0 0 1
00029541_000.png 0 0 0 1 0 0 0 0 0 0 0 0 0 0 0
00004771_000.png 0 0 0 0 0 0 0 0 0 0 0 0 0 0 1
00010250_000.png 0 0 0 0 0 0 0 0 0 0 0 0 0 0 1
00015435_000.png 0 0 0 0 0 0 0 0 0 0 0 0 0 0 1
00015435_001.png 0 0 0 0 0 0 0 0 0 0 0 0 0 0 1
00004427_000.png 0 0 0 0 0 0 0 0 0 0 0 0 0 0 1
00004427_001.png 0 0 0 0 0 0 0 0 0 0 0 0 0 0 1
00004427_002.png 0 0 0 0 0 0 0 0 0 0 0 0 0 0 1
00023960_000.png 0 0 0 0 0 0 0 0 0 0 0 0 0 0 1
00023960_001.png 0 0 0 0 0 0 0 0 0 0 0 0 0 0 1
00023960_002.png 0 0 0 0 0 0 0 0 0 0 0 0 0 0 1
00011722_000.png 0 0 0 0 0 0 0 0 0 0 0 0 0 0 1
00007282_000.png 0 0 0 0 0 0 0 0 0 0 0 0 0 0 1
00008179_000.png 0 0 0 0 0 0 0 0 0 0 0 0 0 0 1
00006544_000.png 0 0 0 0 0 0 0 0 0 0 0 0 0 0 1
00000726_000.png 0 0 0 0 0 0 0 0 0 0 0 0 0 0 1
00026039_000.png 0 0 0 1 0 0 0 0 0 0 0 0 0 0 0
00003449_000.png 0 0 0 0 0 0 0 0 1 0 0 0 0 0 0
00020036_000.png 0 0 0 0 0 0 0 0 0 0 0 0 0 0 1
00020036_001.png 0 0 0 0 0 0 0 0 0 0 0 0 0 0 1
00016956_000.png 0 0 0 0 0 0 0 0 0 0 0 0 0 0 1
00016956_001.png 0 0 0 0 0 0 0 0 0 0 0 0 0 0 1
00016956_002.png 0 0 0 0 0 0 0 0 0 0 0 0 0 0 1
00026344_000.png 0 0 0 0 0 0 0 0 0 0 0 0 0 0 1
00020046_000.png 0 0 0 0 0 1 0 0 0 0 0 0 1 0 0
00020046_001.png 0 0 0 0 0 0 0 0 0 0 0 0 0 0 1
00020046_002.png 0 0 0 0 0 0 0 0 0 0 0 0 0 0 1
00020046_003.png 0 0 0 0 0 0 0 0 0 0 0 0 0 0 1
00020046_004.png 0 0 0 0 0 1 0 0 0 0 0 0 0 0 0
00020046_005.png 1 1 1 0 1 0 0 0 0 0 0 0 0 0 0
00020046_006.png 0 0 0 0 1 1 0 0 0 0 0 0 0 0 0
00020046_007.png 0 0 0 0 0 0 0 0 0 0 0 0 0 0 1
00020046_008.png 1 0 0 0 0 0 0 0 0 0 0 0 0 0 0
00020046_009.png 0 0 0 0 0 1 0 0 0 0 0 0 0 0 0
00029151_000.png 0 0 0 1 0 0 0 0 0 0 0 0 0 0 0
00015422_000.png 0 0 0 0 0 0 0 0 0 0 0 0 0 0 1
00001511_000.png 1 0 0 0 0 0 1 0 0 0 0 0 0 0 0
00001511_001.png 0 0 0 0 0 0 0 0 0 0 0 0 0 0 1
00001511_002.png 0 0 1 1 0 0 0 0 0 0 0 0 0 0 0
00002702_000.png 0 0 0 0 1 0 0 0 0 0 0 0 0 0 0
00002702_001.png 0 0 0 0 0 0 0 0 0 0 0 0 0 0 1
00002702_002.png 0 0 0 0 1 0 0 0 0 0 1 0 0 0 0
00002702_003.png 0 0 0 0 0 0 0 0 0 0 1 0 0 0 0
00002702_004.png 0 0 0 0 0 0 0 0 0 0 0 0 0 0 1
00002702_005.png 0 0 0 1 0 0 0 0 0 0 1 0 0 0 0
00002702_006.png 0 0 0 1 0 0 0 0 0 0 0 0 0 0 0
00002702_007.png 0 0 0 0 1 0 0 0 0 0 1 0 0 0 0
00002702_008.png 0 0 0 0 1 0 0 0 0 0 1 0 0 0 0
00002702_009.png 0 0 0 0 1 0 0 1 0 0 1 0 0 0 0
00002702_010.png 0 0 0 0 0 0 0 0 0 0 0 0 0 0 1
00002702_011.png 0 0 1 0 0 0 0 1 0 0 1 0 0 0 0
00002702_012.png 0 0 0 0 1 0 0 1 0 0 1 0 0 0 0
00002702_013.png 0 0 0 1 0 0 0 0 0 0 0 1 0 0 0
00002702_014.png 0 0 0 0 1 0 0 1 0 0 1 0 0 0 0
00016309_000.png 0 0 0 1 0 0 0 0 0 0 0 0 0 0 0
00016309_001.png 1 0 0 0 0 0 0 0 0 0 0 0 0 0 0
00016309_002.png 0 0 0 0 0 0 0 0 0 0 0 0 0 0 1
00016309_003.png 1 0 0 0 0 0 0 0 0 0 0 0 0 0 0
00005820_000.png 0 0 0 0 0 0 0 0 0 0 0 0 0 0 1
00001205_000.png 0 0 0 1 0 0 0 0 0 0 0 0 0 0 0
00001205_001.png 0 0 0 0 0 0 0 0 0 0 0 0 0 0 1
00001205_002.png 0 0 0 1 0 0 0 0 0 0 0 0 0 1 0
00001205_003.png 0 0 0 0 0 0 0 0 0 0 0 0 0 1 0
00001205_004.png 0 0 0 0 0 0 0 0 0 0 0 0 0 0 1
00001205_005.png 0 0 0 0 0 0 0 0 0 0 0 0 0 0 1
00001205_006.png 0 0 0 0 0 0 0 0 0 0 0 0 0 0 1
00001205_007.png 0 0 0 1 0 0 0 0 0 0 0 0 0 0 0
00001205_008.png 0 0 0 0 0 0 0 0 0 0 0 1 0 0 0
00013954_000.png 0 0 0 0 0 0 0 0 0 0 0 0 0 0 1
00023333_000.png 0 0 0 0 0 0 0 0 0 0 0 0 0 0 1
00003120_000.png 0 0 0 0 0 0 0 0 0 0 0 0 0 0 1
00014501_000.png 0 0 0 0 0 0 0 0 0 0 0 0 0 0 1
00019026_000.png 0 1 1 0 0 0 0 0 0 0 0 0 0 0 0
00005455_000.png 0 0 0 0 0 0 0 0 0 0 0 0 0 0 1
00005455_001.png 0 0 0 0 0 0 0 0 0 0 0 0 0 0 1
00023012_000.png 0 0 0 1 0 0 0 0 0 0 0 0 0 0 0
00023012_001.png 0 0 0 0 0 0 0 0 0 0 0 0 0 0 1
00023012_002.png 0 0 0 0 0 0 0 0 0 0 0 0 0 0 1
00023012_003.png 0 0 0 0 0 0 0 0 0 0 0 0 0 0 1
00023012_004.png 0 0 0 0 0 0 0 0 0 0 0 0 0 0 1
00015485_000.png 0 0 0 0 0 0 0 0 0 0 0 0 0 0 1
00015485_001.png 0 0 0 0 0 0 0 0 0 0 0 0 0 0 1
00015485_002.png 0 0 0 0 0 0 0 0 0 0 0 0 0 0 1
00015485_003.png 0 0 0 0 0 0 0 0 0 0 0 0 0 0 1
00015485_004.png 0 0 0 0 0 0 0 0 0 0 0 0 0 0 1
00024610_000.png 0 0 0 0 0 0 0 0 0 0 0 0 0 0 1
00030134_000.png 0 0 0 0 0 0 0 0 0 0 0 0 0 0 1
00030134_001.png 1 0 0 0 0 0 0 0 0 0 0 0 0 0 0
00030134_002.png 0 0 0 0 0 0 0 0 0 0 0 0 0 0 1
00030134_003.png 1 0 1 1 0 0 0 0 0 0 0 0 0 0 0
00020998_000.png 0 0 0 0 0 0 0 0 0 0 0 0 0 0 1
00023757_000.png 0 0 0 0 0 0 0 0 0 0 0 0 0 0 1
00010235_000.png 1 0 0 0 1 0 0 0 0 0 0 0 0 0 0
00004566_000.png 0 0 0 0 0 0 0 0 0 0 0 0 0 0 1
00005496_000.png 0 0 0 0 0 0 0 0 0 0 0 0 0 0 1
00024753_000.png 0 0 0 0 0 0 0 0 0 0 0 0 0 0 1
00007502_000.png 0 0 0 0 0 0 0 0 0 0 0 0 0 0 1
00007502_001.png 0 0 0 0 0 0 0 0 0 0 0 0 0 0 1
00027059_000.png 0 0 0 0 0 0 0 0 0 0 0 0 0 0 1
00008768_000.png 0 0 0 0 0 0 0 0 0 0 0 0 0 0 1
00004929_000.png 0 0 0 0 0 0 0 0 0 0 0 0 0 0 1
00004929_001.png 0 0 0 0 0 0 0 0 0 0 0 0 0 0 1
00016712_000.png 0 1 0 0 0 0 0 0 0 0 0 0 0 0 0
00013203_000.png 0 0 0 0 0 0 0 0 0 0 0 0 0 0 1
00003727_000.png 0 0 0 0 0 0 0 0 0 0 0 0 0 0 1
00003727_001.png 0 0 0 0 0 0 0 0 0 0 0 0 0 0 1
00016408_000.png 0 0 0 0 0 0 0 0 0 0 0 0 0 0 1
00009519_000.png 0 0 0 0 0 0 0 0 0 0 0 0 0 0 1
00003025_000.png 0 0 0 1 0 0 0 0 0 0 0 0 0 0 0
00000129_000.png 0 0 0 0 0 0 0 0 0 0 0 0 0 0 1
00000129_001.png 0 0 0 0 0 0 0 0 0 0 0 0 0 0 1
00009450_000.png 0 0 0 0 0 0 0 0 0 0 0 0 0 0 1
00009450_001.png 0 0 0 0 0 0 0 0 0 0 0 0 0 0 1
00026133_000.png 1 0 0 0 0 0 0 0 0 0 0 0 0 0 0
00001225_000.png 0 0 0 0 0 0 0 0 0 0 0 0 0 0 1
00001225_001.png 0 0 0 0 0 0 0 0 0 0 0 0 0 0 1
00018019_000.png 0 0 0 1 0 0 0 0 1 0 0 0 0 0 0
00018019_001.png 0 0 0 0 0 0 0 0 0 0 0 0 0 0 1
00018019_002.png 0 0 0 0 0 0 0 0 0 0 0 0 0 0 1
00018019_003.png 0 0 0 0 0 0 0 0 0 0 0 0 0 0 1
00018019_004.png 0 0 0 0 0 0 0 0 0 0 0 0 0 0 1
00018019_005.png 0 0 0 0 0 0 0 0 0 0 0 0 0 0 1
00018019_006.png 0 0 0 0 0 0 0 0 0 0 0 0 0 0 1
00018019_007.png 0 0 0 0 0 0 0 0 0 0 0 0 0 0 1
00018019_008.png 0 0 0 0 0 0 0 0 0 0 0 0 0 0 1
00018019_009.png 1 0 0 0 0 0 0 0 0 0 0 0 0 0 0
00018019_010.png 0 0 0 1 0 0 0 0 0 0 0 0 0 0 0
00018019_011.png 0 0 0 1 0 0 0 0 1 0 0 0 0 0 0
00018019_012.png 0 0 0 0 0 0 0 0 0 0 0 0 0 0 1
00018019_013.png 0 0 1 0 0 0 0 0 0 0 0 0 0 0 0
00018019_014.png 0 0 1 0 0 0 0 0 0 0 0 0 0 0 0
00018019_015.png 0 0 0 0 0 0 0 0 0 0 0 0 0 0 1
00018019_016.png 0 0 1 0 0 0 0 0 1 0 0 0 0 0 0
00018019_017.png 0 0 0 1 0 0 0 0 0 0 0 0 0 0 0
00018019_018.png 0 0 1 1 0 0 0 0 0 0 0 0 0 0 0
00018019_019.png 1 0 1 0 0 0 0 0 0 0 0 0 0 0 0
00018019_020.png 1 0 1 0 0 0 0 0 0 0 0 0 0 0 0
00018019_021.png 0 0 1 0 0 0 0 0 0 0 0 0 0 0 0
00018019_022.png 0 0 1 1 0 0 0 0 0 0 0 0 0 0 0
00022559_000.png 0 0 0 0 0 0 0 0 0 0 0 0 0 0 1
00022559_001.png 0 0 0 0 0 0 0 1 0 0 0 0 0 0 0
00022559_002.png 0 0 0 0 0 0 0 0 0 0 0 0 0 0 1
00022559_003.png 0 0 0 0 0 0 0 0 0 0 0 0 0 0 1
00022559_004.png 0 0 0 0 0 1 0 0 0 0 0 0 0 0 0
00022559_005.png 0 0 0 0 0 0 0 0 0 0 0 0 0 0 1
00022559_006.png 0 0 0 0 0 0 0 0 0 0 0 0 0 0 1
00022559_007.png 0 0 0 0 0 0 0 0 0 0 1 0 0 0 0
00022559_008.png 0 0 0 0 0 0 0 0 0 0 0 0 0 0 1
00003801_000.png 0 0 0 0 0 0 0 0 0 0 0 0 0 0 1
00003801_001.png 0 0 0 0 0 0 0 0 0 0 0 0 0 0 1
00003801_002.png 0 0 0 0 0 0 0 0 0 0 0 0 0 0 1
00006324_000.png 0 0 0 0 0 0 0 0 0 0 0 0 0 0 1
00016287_000.png 0 0 0 0 0 0 0 0 0 0 0 0 0 0 1
00028886_000.png 1 0 1 0 0 0 0 0 0 0 0 0 0 0 0
00026330_000.png 0 0 0 0 0 1 0 0 0 0 0 0 0 0 0
00026330_001.png 0 0 0 0 0 1 0 0 0 0 0 0 0 0 0
00026330_002.png 0 0 0 0 1 0 0 0 0 0 0 0 0 0 0
00025911_000.png 0 0 0 0 0 0 0 0 0 0 0 0 0 0 1
00013629_000.png 0 0 0 0 0 0 0 0 0 0 0 0 0 0 1
00013629_001.png 0 0 0 0 0 0 0 0 0 0 0 0 0 0 1
00003479_000.png 0 0 0 0 0 0 0 0 0 0 0 0 0 0 1
00012064_000.png 0 0 0 0 0 0 0 0 0 0 0 0 0 0 1
00012064_001.png 0 0 0 0 0 0 0 0 0 0 0 0 0 0 1
00012064_002.png 0 0 0 0 0 0 0 0 0 0 0 0 0 0 1
00012064_003.png 0 0 0 1 0 0 0 0 0 0 0 0 0 0 0
00012064_004.png 0 0 0 0 0 0 0 0 0 0 0 0 0 0 1
00001876_000.png 0 0 0 1 0 0 0 0 0 0 0 0 0 0 0
00017140_000.png 0 0 0 0 0 0 0 0 0 0 0 0 0 0 1
00017140_001.png 0 0 0 1 0 0 0 0 0 0 0 0 0 0 0
00004635_000.png 0 0 0 0 0 0 0 0 0 0 0 0 0 0 1
00001788_000.png 0 0 0 0 0 0 0 0 0 0 0 0 0 0 1
00001788_001.png 0 0 0 0 0 0 0 0 1 0 0 0 0 0 0
00001788_002.png 0 0 0 0 0 0 0 0 0 0 0 0 0 0 1
00001788_003.png 0 0 0 0 0 0 0 0 0 0 0 0 0 0 1
00001788_004.png 0 0 0 0 0 0 0 0 0 0 0 0 0 0 1
00001788_005.png 0 0 0 0 0 0 0 0 0 0 0 0 0 0 1
00001788_006.png 0 0 0 1 0 0 0 0 0 0 0 0 0 0 0
00001788_007.png 0 0 0 0 0 0 0 0 0 0 0 0 0 0 1
00001788_008.png 0 0 0 1 0 0 0 0 0 0 0 0 0 0 0
00018596_000.png 0 0 0 0 0 0 0 0 0 0 0 0 0 0 1
00018596_001.png 0 0 0 0 0 0 0 0 0 0 0 1 1 0 0
00011316_000.png 0 0 0 0 0 0 0 0 0 0 0 0 0 0 1
00006546_000.png 0 0 0 0 0 0 0 0 0 0 0 0 0 0 1
00006546_001.png 0 0 0 0 0 0 0 0 0 0 0 0 0 0 1
00010676_000.png 0 0 0 0 0 0 0 0 0 0 0 0 0 0 1
00010676_001.png 0 0 0 0 0 0 0 0 0 0 0 0 0 0 1
00010676_002.png 0 0 0 1 0 0 0 1 0 0 0 0 0 0 0
00010676_003.png 0 0 0 1 0 0 0 0 0 0 0 0 0 0 0
00010676_004.png 0 0 0 0 0 0 0 0 0 0 0 0 0 0 1
00016122_000.png 0 0 0 0 1 0 0 0 0 0 0 0 0 0 0
00016122_001.png 0 0 0 0 0 0 0 0 0 0 0 0 0 0 1
00016122_002.png 0 0 0 0 0 0 0 0 0 0 0 0 0 0 1
00016122_003.png 0 0 0 0 0 0 0 0 0 0 0 0 0 0 1
00016122_004.png 0 0 0 0 0 0 0 0 0 0 0 0 0 0 1
00016122_005.png 0 0 0 0 0 0 0 0 0 0 1 0 0 0 0
00016122_006.png 0 0 0 0 0 0 0 1 0 0 1 0 0 0 0
00016122_007.png 0 0 0 0 0 0 0 1 0 0 0 0 0 0 0
00016122_008.png 0 0 0 0 0 0 0 1 0 0 0 0 0 0 0
00016122_009.png 0 0 0 0 0 0 0 0 0 0 0 0 0 0 1
00016122_010.png 1 0 0 0 0 0 0 0 0 0 0 0 0 0 0
00016122_011.png 0 0 0 0 0 0 0 0 0 0 0 0 0 0 1
00005016_000.png 0 0 0 1 0 0 0 0 0 0 0 0 0 0 0
00023997_000.png 0 0 0 0 0 0 0 0 0 0 0 0 0 0 1
00000820_000.png 0 0 0 1 0 1 0 0 1 0 0 0 0 0 0
00000820_001.png 0 0 0 1 0 1 0 0 1 0 0 0 0 0 0
00000820_002.png 0 0 0 1 0 0 0 0 0 0 0 0 0 0 0
00000820_003.png 0 0 0 1 0 0 0 0 0 0 0 0 0 0 0
00000820_004.png 0 0 0 1 0 0 0 0 0 0 0 0 0 0 0
00000820_005.png 0 0 0 1 0 0 0 0 0 0 0 0 0 0 0
00000820_006.png 0 0 0 1 0 1 0 0 0 0 0 0 0 0 0
00000820_007.png 0 0 0 1 0 0 0 0 0 0 0 0 0 0 0
00000820_008.png 0 0 0 0 0 0 0 0 0 0 0 0 0 0 1
00000820_009.png 0 0 0 0 0 1 0 0 0 0 0 0 0 0 0
00000820_010.png 0 0 0 1 0 0 0 0 0 0 0 0 0 0 0
00000820_011.png 0 0 0 1 0 0 0 0 0 0 0 0 0 0 0
00000820_012.png 0 0 0 1 0 1 0 0 0 0 0 0 0 0 0
00000820_013.png 0 0 0 0 0 0 0 0 0 0 0 1 0 0 0
00000820_014.png 0 0 0 0 0 0 0 0 0 0 0 0 0 0 1
00000820_015.png 0 0 0 1 0 0 0 0 0 0 0 0 0 0 0
00000820_016.png 0 0 0 1 0 0 0 0 0 0 0 0 0 0 0
00000820_017.png 0 0 0 0 0 0 0 0 0 0 0 0 0 0 1
00000820_018.png 0 0 0 0 0 0 0 0 0 0 0 0 0 0 1
00000820_019.png 0 0 0 0 0 0 0 0 0 0 0 0 0 0 1
00000820_020.png 0 0 0 0 0 0 0 0 0 0 0 0 0 0 1
00000820_021.png 0 0 0 0 0 0 0 0 0 0 0 0 0 0 1
00000820_022.png 0 0 0 0 0 0 0 0 0 0 0 0 0 0 1
00000820_023.png 0 0 0 0 0 0 0 0 0 0 0 0 1 0 0
00000820_024.png 0 0 1 0 0 0 0 0 0 0 0 1 0 0 0
00000820_025.png 0 0 0 0 0 0 0 0 0 0 0 1 0 0 0
00000820_026.png 0 0 0 0 0 0 0 0 0 0 0 0 0 0 1
00000820_027.png 0 0 0 0 0 0 0 0 0 0 0 0 0 0 1
00000820_028.png 0 0 0 0 0 0 0 0 0 0 1 1 0 0 0
00000820_029.png 0 0 0 1 0 0 0 0 0 0 1 0 0 0 0
00000820_030.png 0 0 0 0 0 0 0 0 0 0 1 0 0 0 0
00000820_031.png 0 0 1 0 1 1 0 0 0 0 1 1 0 0 0
00009100_000.png 0 0 0 1 0 1 0 0 0 0 0 0 0 0 0
00009100_001.png 0 0 0 0 0 0 0 0 0 0 0 0 0 0 1
00009100_002.png 0 0 0 0 0 0 0 0 0 0 0 0 0 0 1
00009100_003.png 1 0 0 0 0 0 0 0 0 0 0 0 0 0 0
00009100_004.png 0 0 0 0 0 0 0 0 0 0 0 0 0 0 1
00008167_000.png 0 0 0 0 0 0 0 0 0 0 0 0 0 0 1
00014974_000.png 0 0 0 0 0 0 0 0 0 0 0 0 0 0 1
00014974_001.png 0 0 0 0 0 0 0 0 0 0 0 0 0 0 1
00014974_002.png 0 0 0 0 0 0 0 0 0 0 0 0 0 0 1
00014974_003.png 0 0 0 0 0 0 0 0 0 0 0 0 0 0 1
00010004_000.png 0 0 0 0 0 0 0 0 0 0 0 0 0 0 1
00024398_000.png 0 0 0 0 0 0 0 0 0 0 0 0 0 0 1
00009938_000.png 0 0 0 0 0 0 0 0 0 0 0 0 0 0 1
00009938_001.png 0 0 0 0 0 0 0 0 0 0 0 0 0 0 1
00009938_002.png 0 0 0 0 0 0 0 0 0 0 0 0 0 0 1
00009938_003.png 0 0 0 0 0 0 0 0 0 0 0 0 0 0 1
00009938_004.png 0 0 0 0 0 0 0 0 0 0 0 0 0 0 1
00024012_000.png 0 0 0 0 0 0 0 0 0 0 0 1 0 0 0
00004014_000.png 0 0 0 0 1 0 0 0 0 0 0 0 0 0 0
00004014_001.png 1 0 1 0 0 0 0 0 0 0 0 0 0 0 0
00010955_000.png 0 0 0 0 0 0 0 0 0 0 1 0 0 0 0
00010955_001.png 0 0 0 0 0 0 0 0 0 0 0 0 0 0 1
00018822_000.png 0 0 0 0 0 0 0 0 0 0 0 0 0 0 1
00001870_000.png 0 0 0 0 0 0 0 0 0 0 0 0 0 0 1
00015306_000.png 0 0 0 0 0 0 0 0 0 0 0 0 0 0 1
00015306_001.png 1 0 0 0 0 0 0 0 0 0 0 0 0 0 0
00000864_000.png 0 1 0 0 0 0 0 0 0 0 0 0 0 0 0
00003326_000.png 0 0 0 0 0 0 0 0 0 0 0 0 0 0 1
00003326_001.png 0 0 0 0 0 0 0 0 0 0 0 0 0 0 1
00003326_002.png 0 0 0 0 0 0 0 0 0 0 0 0 0 0 1
00003326_003.png 0 0 0 0 0 1 0 0 0 0 0 0 0 0 0
00003326_004.png 0 0 0 0 0 0 0 0 0 0 0 0 0 0 1
00019882_000.png 0 0 0 0 0 1 0 0 0 0 0 0 0 0 0
00004346_000.png 0 0 0 0 0 0 0 0 0 0 0 0 0 0 1
00017858_000.png 0 0 0 0 0 0 0 0 0 0 0 1 0 0 0
00017858_001.png 0 0 0 0 0 0 0 0 0 0 0 0 0 0 1
00017858_002.png 0 0 0 1 0 0 0 0 0 0 0 1 0 0 0
00017858_003.png 0 0 0 1 0 0 0 0 0 0 0 1 0 0 0
00017858_004.png 0 0 0 1 0 0 0 0 0 0 0 1 0 0 0
00017858_005.png 0 0 0 1 0 0 0 0 0 0 0 1 0 0 0
00017858_006.png 0 0 0 1 0 0 0 0 0 0 0 0 0 0 0
00017858_007.png 0 0 0 1 0 0 0 0 0 0 0 0 0 0 0
00005930_000.png 0 0 0 1 0 0 0 0 0 0 0 0 0 0 0
00005930_001.png 0 0 0 0 0 0 0 0 0 0 0 0 0 0 1
00005930_002.png 0 0 0 0 0 0 0 0 0 0 0 0 0 0 1
00010975_000.png 0 0 0 0 0 0 0 0 0 0 0 0 0 0 1
00000334_000.png 0 0 0 0 0 0 0 0 0 0 0 1 0 0 0
00000334_001.png 0 0 0 0 0 0 0 0 0 0 0 0 0 0 1
00000334_002.png 0 0 0 0 0 0 0 0 0 0 1 0 0 0 0
00000334_003.png 0 0 0 0 0 0 0 0 0 0 0 0 0 0 1
00000334_004.png 0 0 0 0 0 0 0 0 0 0 1 0 0 0 0
00000334_005.png 0 0 0 0 0 0 0 0 0 0 0 0 0 0 1
00005878_000.png 0 0 0 0 0 0 0 0 0 0 0 0 0 0 1
00005878_001.png 0 1 1 1 0 0 0 0 0 0 0 0 0 0 0
00005878_002.png 0 0 1 1 0 0 0 0 0 0 0 0 0 0 0
00005878_003.png 0 0 0 0 0 0 0 0 0 0 0 0 0 0 1
00005878_004.png 0 0 0 0 0 0 0 0 0 0 0 0 0 0 1
00005878_005.png 0 0 0 0 0 0 0 0 0 0 0 0 0 0 1
00018024_000.png 0 0 0 0 0 0 0 0 0 0 0 0 0 0 1
00018024_001.png 0 0 0 0 0 0 0 0 0 0 0 0 0 0 1
00001571_000.png 0 0 0 0 0 0 0 0 0 0 0 0 0 0 1
00017093_000.png 1 0 0 0 0 0 0 0 0 0 0 0 0 0 0
00024582_000.png 0 0 0 0 0 0 0 0 0 0 0 0 0 0 1
00024582_001.png 0 0 0 0 0 0 0 0 0 0 0 0 0 0 1
00021351_000.png 0 0 0 0 0 0 0 0 1 0 0 0 0 0 0
00021351_001.png 1 0 0 0 0 0 0 0 0 0 0 0 0 0 0
00021351_002.png 0 0 0 0 0 0 0 0 0 0 0 0 0 0 1
00021351_003.png 0 0 0 0 0 0 0 0 0 0 0 0 0 0 1
00021351_004.png 1 0 1 1 0 0 0 0 0 0 0 0 0 0 0
00025455_000.png 0 0 0 0 0 0 0 0 0 0 0 0 0 0 1
00025455_001.png 0 0 0 0 0 0 0 0 0 0 0 0 0 0 1
00020556_000.png 0 0 0 0 0 0 0 0 0 0 0 0 0 0 1
00014178_000.png 0 0 0 0 0 0 0 0 0 0 0 0 0 0 1
00014178_001.png 0 0 0 0 0 0 0 0 0 0 0 0 0 0 1
00014178_002.png 1 0 0 0 0 0 0 0 0 0 0 0 0 0 0
00014178_003.png 1 0 0 0 0 0 0 1 0 0 0 0 0 0 0
00014178_004.png 0 0 0 1 0 0 0 1 0 0 0 0 0 0 0
00014178_005.png 1 0 0 0 0 0 0 1 0 0 1 0 0 0 0
00014178_006.png 0 0 0 0 0 0 0 0 1 0 0 0 0 0 0
00014178_007.png 0 0 0 0 1 1 0 0 0 0 0 0 0 0 0
00014178_008.png 0 0 0 0 1 1 0 0 0 0 0 0 0 0 0
00014178_009.png 0 0 0 0 0 1 0 0 0 0 0 0 0 0 0
00014178_010.png 0 0 0 1 1 1 0 0 0 0 0 0 0 0 0
00014178_011.png 0 0 0 0 0 0 0 0 0 0 0 0 0 0 1
00014178_012.png 0 0 0 0 0 0 0 0 0 0 0 0 0 0 1
00016954_000.png 0 0 0 0 0 0 0 0 0 0 0 0 0 0 1
00016954_001.png 0 0 0 0 0 0 0 0 0 0 0 0 0 0 1
00016954_002.png 0 0 0 0 0 0 0 0 0 0 0 0 0 0 1
00016954_003.png 0 0 0 0 0 0 0 0 0 0 0 0 0 0 1
00016954_004.png 0 0 0 0 0 0 0 0 0 0 0 0 0 0 1
00016954_005.png 0 0 0 0 0 0 0 0 0 0 0 0 0 0 1
00016954_006.png 0 0 0 0 0 0 0 0 0 0 0 0 0 0 1
00016954_007.png 0 0 0 0 0 0 0 0 0 0 0 0 0 0 1
00012060_000.png 0 0 0 0 0 0 0 0 0 0 0 0 0 0 1
00012060_001.png 0 0 0 0 0 0 0 0 0 0 0 0 0 0 1
00012060_002.png 0 0 0 0 0 0 0 0 0 0 0 0 0 0 1
00012060_003.png 0 0 0 0 0 0 0 0 0 0 0 0 0 0 1
00012060_004.png 0 0 0 0 0 0 0 0 0 0 0 0 0 0 1
00012060_005.png 0 0 0 0 0 0 0 0 0 0 0 0 0 0 1
00012060_006.png 0 0 0 0 0 0 0 0 0 0 0 0 0 0 1
00012060_007.png 0 0 0 0 0 0 0 0 0 0 0 0 0 0 1
00012060_008.png 0 0 0 0 0 0 0 0 0 0 0 0 0 0 1
00012060_009.png 0 0 0 0 0 0 0 0 0 0 0 0 0 0 1
00018741_000.png 0 0 0 0 0 0 0 0 0 0 0 0 0 0 1
00024703_000.png 0 0 0 0 0 0 0 0 0 0 0 0 0 0 1
00014054_000.png 0 0 0 0 0 0 0 0 0 0 0 0 0 0 1
00018213_000.png 0 0 0 0 1 1 0 0 0 0 0 0 0 0 0
00018213_001.png 0 0 0 0 0 1 0 0 0 0 0 0 0 0 0
00018213_002.png 0 0 0 0 0 0 0 0 0 0 0 0 0 0 1
00018213_003.png 0 0 0 0 1 0 0 0 0 0 0 0 0 0 0
00018213_004.png 0 0 0 0 0 0 0 0 0 0 0 0 0 0 1
00018213_005.png 0 0 0 0 0 0 0 0 0 0 0 0 0 0 1
00004216_000.png 0 0 0 0 0 0 0 0 0 0 0 0 0 0 1
00004216_001.png 0 0 0 0 0 0 0 0 0 0 0 0 0 0 1
00024877_000.png 0 0 0 0 0 0 0 0 0 0 0 0 0 0 1
00007780_000.png 0 0 0 0 0 1 0 0 0 0 0 0 0 0 0
00007780_001.png 0 0 0 0 0 1 0 0 0 0 0 0 0 0 0
00007780_002.png 1 0 0 0 0 0 0 0 0 0 0 0 0 0 0
00007780_003.png 1 0 0 1 0 0 0 0 0 0 0 0 0 0 0
00007780_004.png 1 0 0 1 0 0 0 0 0 0 0 0 0 0 0
00007780_005.png 1 0 0 1 0 0 0 0 0 0 0 0 0 0 0
00007780_006.png 0 0 0 0 0 0 0 0 0 0 0 0 0 0 1
00007780_007.png 0 0 0 0 0 0 0 0 0 0 0 0 0 0 1
00007780_008.png 0 0 0 0 0 0 0 0 1 0 0 0 0 0 0
00008061_000.png 0 0 0 0 0 0 0 0 0 0 0 0 0 0 1
00004939_000.png 0 0 0 0 0 0 0 0 0 0 0 0 0 0 1
00013368_000.png 0 0 0 1 0 0 0 0 1 0 0 0 1 0 0
00012182_000.png 0 0 0 1 0 0 0 0 0 0 0 0 0 0 0
00028047_000.png 0 0 0 0 0 0 0 0 0 0 0 0 0 0 1
00000155_000.png 0 1 0 0 0 0 0 0 0 0 0 0 0 0 0
00000155_001.png 0 0 0 0 0 0 0 0 0 0 0 0 0 0 1
00016598_000.png 0 0 0 0 0 0 0 0 0 0 0 0 0 0 1
00001124_000.png 0 0 0 0 0 0 0 0 0 0 0 0 0 0 1
00005895_000.png 1 0 0 1 0 0 0 0 0 0 0 0 0 0 0
00005895_001.png 1 0 0 1 0 0 0 0 0 0 0 0 0 0 0
00005895_002.png 0 0 0 0 0 0 0 0 0 0 0 0 0 0 1
00005895_003.png 0 0 1 0 0 0 0 0 0 0 0 0 0 0 0
00005895_004.png 0 0 0 0 0 0 0 0 0 0 0 0 0 0 1
00005895_005.png 0 0 1 0 0 0 0 0 0 0 0 0 0 0 0
00005895_006.png 0 0 0 0 0 1 0 0 0 0 0 0 0 0 0
00005895_007.png 0 0 1 0 1 0 0 0 0 0 0 0 0 0 0
00005895_008.png 0 0 0 0 0 0 0 0 0 0 0 0 0 0 1
00005895_009.png 0 0 1 0 1 0 0 0 0 0 0 0 0 0 0
00005895_010.png 0 0 0 0 0 0 0 0 0 0 0 0 0 0 1
00005895_011.png 0 0 1 1 0 0 0 0 0 1 0 0 0 0 0
00005895_012.png 0 0 0 0 0 0 0 0 0 0 0 0 0 0 1
00005895_013.png 0 0 1 0 0 1 0 0 0 0 0 0 0 0 0
00005895_014.png 0 0 1 0 0 0 0 0 0 0 0 0 0 0 0
00005895_015.png 0 0 1 0 0 0 0 0 0 0 0 0 0 0 0
00005895_016.png 0 0 1 0 0 0 0 0 0 0 0 0 0 0 0
00005895_017.png 0 0 1 0 0 0 0 0 0 0 0 0 0 0 0
00005895_018.png 0 0 1 0 0 1 0 0 0 0 0 0 0 0 0
00005895_019.png 0 0 0 0 0 1 0 0 0 0 0 0 0 0 0
00005895_020.png 0 0 1 0 0 0 0 0 0 0 0 0 0 0 0
00005895_021.png 0 0 1 0 0 0 0 0 0 0 0 0 0 0 0
00005895_022.png 0 0 1 0 0 0 0 0 0 0 0 0 0 0 0
00005895_023.png 0 0 1 0 1 1 0 0 0 0 0 0 0 0 0
00005895_024.png 0 0 0 0 0 0 0 0 0 0 0 0 0 0 1
00005895_025.png 1 0 0 0 0 0 0 0 0 0 0 0 0 0 0
00005895_026.png 0 0 0 0 0 0 0 0 0 0 0 0 0 0 1
00015013_000.png 0 0 0 0 0 0 0 0 0 0 0 0 0 0 1
00015013_001.png 0 0 0 0 0 0 0 0 0 0 0 0 0 0 1
00015013_002.png 0 1 0 0 0 0 0 0 0 0 0 0 0 0 0
00015013_003.png 0 0 0 0 0 0 0 0 0 0 0 0 0 0 1
00015013_004.png 0 0 0 0 0 0 0 0 0 0 0 0 0 0 1
00015013_005.png 0 0 0 0 0 0 0 0 0 0 0 0 0 0 1
00015013_006.png 1 0 0 1 1 0 0 0 0 0 0 0 0 0 0
00015013_007.png 0 0 0 0 0 0 0 0 1 0 0 0 0 0 0
00015013_008.png 0 0 0 0 0 0 0 0 1 0 0 0 0 0 0
00015013_009.png 0 1 1 0 0 0 0 0 0 0 0 0 0 0 0
00015013_010.png 0 0 0 0 0 0 0 0 0 0 0 0 0 0 1
00015013_011.png 1 0 1 0 0 0 0 0 0 0 0 0 0 0 0
00025217_000.png 0 0 0 0 0 0 0 0 0 0 0 0 0 0 1
00026728_000.png 0 0 1 0 1 0 0 0 0 0 0 0 0 0 0
00030693_000.png 0 0 0 0 0 0 0 0 0 0 0 0 0 0 1
00030693_001.png 1 0 0 0 0 0 0 0 0 0 0 0 0 0 0
00014484_000.png 0 0 0 0 0 0 0 0 0 0 0 0 0 0 1
00002204_000.png 0 0 0 0 0 0 0 0 0 0 0 0 0 0 1
00002204_001.png 0 0 0 0 0 1 0 0 0 0 0 0 0 0 0
00005628_000.png 0 0 0 0 1 0 0 0 0 0 0 0 0 0 0
00023307_000.png 0 0 0 0 0 1 0 0 0 0 0 0 0 0 0
00017092_000.png 0 0 0 0 0 0 0 0 0 0 0 0 0 0 1
00017092_001.png 0 0 0 1 0 0 0 0 0 0 0 0 0 0 0
00011970_000.png 0 0 0 0 0 0 0 0 0 0 0 0 0 0 1
00002250_000.png 0 0 0 0 0 0 0 0 0 0 0 0 0 0 1
00002250_001.png 0 0 0 1 0 0 0 0 0 0 0 0 0 0 0
00002250_002.png 0 0 0 0 0 0 0 0 0 0 0 0 0 0 1
00005542_000.png 0 0 0 0 0 0 0 0 0 0 0 0 0 0 1
00005542_001.png 0 0 0 0 0 0 0 0 0 0 0 0 0 0 1
00005542_002.png 0 0 0 0 0 0 0 0 0 0 0 0 0 0 1
00002762_000.png 0 0 0 0 0 0 0 0 0 0 0 0 0 0 1
00002762_001.png 0 0 0 0 0 0 0 0 0 0 0 0 0 0 1
00006624_000.png 1 0 0 0 0 0 0 0 0 0 0 0 0 1 0
00006624_001.png 1 0 0 1 0 0 0 0 0 0 0 0 0 1 0
00006624_002.png 0 0 0 1 1 0 0 0 0 0 0 0 0 1 0
00006624_003.png 0 1 0 0 0 0 0 0 0 0 0 0 0 0 0
00008516_000.png 0 0 0 0 0 0 0 0 0 0 0 0 0 0 1
00006371_000.png 0 0 0 0 0 0 0 0 0 0 0 0 0 0 1
00001378_000.png 0 0 0 0 0 0 0 0 0 0 0 0 0 0 1
00001378_001.png 0 0 0 0 0 0 0 0 0 0 0 0 0 0 1
00001378_002.png 0 0 0 0 0 0 0 0 0 0 0 0 0 0 1
00001378_003.png 0 0 0 0 0 0 0 0 0 0 0 0 0 0 1
00001378_004.png 0 0 0 0 0 0 0 0 0 0 0 0 0 0 1
00013524_000.png 0 0 0 0 1 0 0 0 0 0 0 0 0 0 0
00003619_000.png 0 0 0 0 0 0 0 0 0 0 0 0 0 0 1
00010526_000.png 0 0 0 0 0 0 0 0 0 0 0 0 0 0 1
00010526_001.png 0 0 0 0 0 0 0 0 0 0 0 0 0 0 1
00024901_000.png 0 0 0 0 0 0 0 0 0 0 0 0 0 0 1
00024901_001.png 0 0 0 1 0 0 0 0 0 0 0 0 0 0 0
00021065_000.png 0 0 0 0 0 0 0 0 0 0 0 0 0 0 1
00021065_001.png 0 0 0 0 0 0 0 0 0 0 0 0 0 0 1
00021065_002.png 0 0 1 0 0 0 0 0 0 0 0 0 0 0 0
00021065_003.png 0 0 0 0 0 0 0 0 0 0 0 0 0 0 1
00010371_000.png 0 0 0 0 0 0 0 0 0 0 1 0 0 0 0
00015780_000.png 0 0 0 0 0 0 0 0 0 0 0 0 0 0 1
00012053_000.png 1 0 0 0 0 0 0 0 0 0 0 1 0 0 0
00012053_001.png 0 0 0 0 0 0 0 0 0 0 0 0 0 1 0
00012053_002.png 1 0 0 0 0 0 0 0 1 0 0 1 0 0 0
00012053_003.png 1 0 0 0 0 0 0 0 0 0 0 0 0 0 0
00012053_004.png 1 0 0 0 0 0 0 0 1 0 0 1 0 0 0
00025134_000.png 0 0 0 0 0 0 0 0 0 0 0 0 0 0 1
00003404_000.png 0 0 0 0 0 0 0 0 0 0 0 0 0 0 1
00027436_000.png 0 0 0 0 0 0 0 0 0 0 0 0 0 0 1
00027436_001.png 0 0 0 0 0 0 0 0 0 0 0 0 0 0 1
00027436_002.png 0 0 0 0 0 0 0 0 0 0 0 0 0 0 1
00027436_003.png 0 0 0 0 0 0 0 0 0 0 0 0 0 0 1
00027436_004.png 0 0 0 0 0 0 0 0 0 0 0 0 0 0 1
00027436_005.png 0 0 0 0 0 0 0 0 0 0 0 0 0 0 1
00027436_006.png 0 0 0 0 0 0 0 0 0 0 0 0 0 0 1
00027436_007.png 0 0 0 0 0 0 0 0 0 0 0 0 0 0 1
00027754_000.png 0 0 0 0 0 0 0 0 0 0 0 0 0 0 1
00021319_000.png 0 0 0 0 0 0 0 0 0 0 0 0 1 0 0
00022526_000.png 0 0 1 0 0 0 0 1 0 0 0 0 0 0 0
00022526_001.png 0 0 0 0 0 0 0 0 0 0 0 0 0 0 1
00022526_002.png 0 0 1 0 0 0 0 1 0 0 0 0 0 0 0
00022526_003.png 0 0 1 0 0 0 0 0 0 0 0 0 0 0 0
00022526_004.png 0 0 1 0 0 0 0 0 0 0 0 0 0 0 0
00022526_005.png 0 0 1 0 0 0 0 0 0 0 0 0 0 0 0
00022526_006.png 0 0 0 0 0 0 0 0 0 0 0 0 1 0 0
00022526_007.png 0 0 0 0 0 0 0 0 0 0 0 0 0 0 1
00022526_008.png 0 0 1 0 1 0 0 0 0 0 0 0 1 0 0
00022526_009.png 0 0 0 0 1 0 0 0 0 0 0 0 1 0 0
00022526_010.png 0 0 0 0 0 0 0 0 0 0 0 0 0 0 1
00022526_011.png 0 0 0 0 0 0 0 0 0 0 0 0 1 0 0
00022526_012.png 1 0 0 0 0 0 0 0 1 0 0 0 1 0 0
00022526_013.png 0 0 1 1 0 0 0 0 0 0 0 0 0 0 0
00022526_014.png 0 0 0 0 0 0 0 0 0 0 0 0 0 0 1
00022526_015.png 0 0 1 0 0 0 0 0 0 0 0 0 0 0 0
00002090_000.png 0 0 0 0 0 0 0 0 0 0 0 0 0 0 1
00002090_001.png 0 0 0 0 0 0 0 1 0 0 0 0 0 0 0
00002090_002.png 0 0 0 0 0 0 0 0 0 0 0 0 0 0 1
00002090_003.png 0 0 0 0 0 0 0 1 0 0 0 0 0 0 0
00002090_004.png 0 0 0 0 0 0 0 1 0 0 0 0 0 0 0
00002090_005.png 0 0 1 0 0 0 0 1 0 0 0 0 0 0 0
00012464_000.png 0 0 0 0 0 0 0 0 0 0 0 0 0 0 1
00012464_001.png 0 0 0 0 0 0 0 0 0 0 0 0 0 0 1
00012464_002.png 0 0 0 0 0 0 0 0 0 0 0 0 0 0 1
00026742_000.png 0 0 0 0 0 0 0 0 0 1 0 0 1 0 0
00026742_001.png 0 0 0 0 0 0 0 0 0 1 0 0 0 0 0
00026742_002.png 0 0 0 1 0 0 0 0 0 0 0 0 0 0 0
00009257_000.png 0 1 0 0 0 0 0 0 0 0 0 0 0 0 0
00009257_001.png 0 1 0 1 0 0 0 0 0 0 0 0 0 0 0
00009257_002.png 1 0 0 0 0 0 0 0 0 0 0 0 0 0 0
00009257_003.png 0 0 0 1 0 0 0 0 0 0 0 0 0 0 0
00009605_000.png 0 0 0 1 0 0 0 0 0 0 0 0 0 0 0
00011395_000.png 0 0 0 0 0 0 0 0 0 0 0 0 0 0 1
00004075_000.png 1 0 0 0 0 0 1 0 0 0 0 0 0 0 0
00004075_001.png 0 0 0 0 0 0 0 0 0 0 0 0 0 0 1
00004075_002.png 1 0 0 1 0 0 0 0 0 0 0 0 0 0 0
00022473_000.png 0 0 0 0 0 0 0 0 0 0 0 0 0 0 1
00017058_000.png 0 0 0 0 0 0 0 0 0 0 0 0 0 0 1
00013661_000.png 0 0 0 0 0 0 0 0 0 0 0 0 0 0 1
00000550_000.png 0 0 0 0 0 0 0 0 0 0 0 0 0 0 1
00018438_000.png 0 0 0 1 0 0 0 0 0 0 0 0 0 0 0
00009268_000.png 0 0 0 0 0 0 0 0 0 0 0 0 0 0 1
00009269_000.png 0 0 0 0 0 0 0 0 0 0 0 0 0 0 1
00014239_000.png 0 0 0 1 0 0 0 0 0 0 0 0 0 0 0
00017773_000.png 0 0 0 0 0 0 0 0 0 0 0 0 0 0 1
00025907_000.png 0 0 0 0 0 0 0 0 0 0 0 0 0 0 1
00027911_000.png 0 0 0 1 1 0 0 0 0 0 0 0 0 0 0
00018560_000.png 1 0 0 0 0 0 0 0 0 0 0 0 0 0 0
00018560_001.png 1 0 0 0 0 0 0 0 0 0 0 0 0 0 0
00018560_002.png 1 0 0 0 0 0 0 0 0 0 0 0 0 0 0
00009449_000.png 0 0 0 0 0 0 0 0 0 0 0 0 0 0 1
00009449_001.png 0 0 0 0 0 0 0 0 0 0 1 0 0 0 0
00026749_000.png 0 0 0 0 0 0 0 0 0 0 0 0 1 0 0
00023187_000.png 0 0 0 1 0 1 0 0 0 0 0 0 0 0 0
00002979_000.png 0 0 1 0 0 0 0 0 0 0 0 0 0 0 0
00015544_000.png 0 0 0 0 0 0 0 0 0 0 0 0 0 0 1
00008557_000.png 1 0 0 0 0 1 0 0 0 0 0 0 0 0 0
00011551_000.png 0 0 0 0 0 0 0 0 0 0 0 0 0 0 1
00006279_000.png 0 0 0 0 0 0 0 0 0 0 0 0 0 0 1
00007817_000.png 0 0 0 0 0 0 0 0 0 0 0 0 0 0 1
00004301_000.png 0 0 0 1 1 0 0 0 0 0 0 0 0 0 0
00004527_000.png 0 0 0 0 0 0 0 0 0 0 0 0 0 0 1
00017821_000.png 0 0 0 0 0 0 0 0 0 0 0 0 0 0 1
00000786_000.png 0 0 0 0 0 0 0 0 0 0 0 0 0 0 1
00014413_000.png 0 0 0 0 0 0 0 0 0 0 0 0 0 0 1
00014413_001.png 0 0 0 0 0 0 0 0 0 0 0 0 0 0 1
00011811_000.png 0 0 0 0 1 1 0 0 0 0 0 0 0 0 0
00011811_001.png 0 0 0 1 1 0 0 0 0 0 0 0 0 0 0
00011811_002.png 1 0 0 0 1 0 0 0 1 0 0 0 0 0 0
00011811_003.png 0 0 0 0 0 0 0 0 0 0 0 0 0 0 1
00011811_004.png 0 0 0 0 0 1 0 0 0 0 0 0 0 0 0
00003710_000.png 0 0 0 0 0 0 0 0 0 0 0 0 0 0 1
00027610_000.png 0 0 0 0 0 0 0 0 0 0 0 0 0 0 1
00003288_000.png 0 0 0 0 0 0 0 0 0 0 0 0 0 0 1
00003288_001.png 0 0 0 0 0 0 0 0 0 0 0 0 0 0 1
00003288_002.png 0 0 0 0 0 0 0 0 0 0 0 0 0 0 1
00003288_003.png 0 0 0 0 0 0 0 0 0 0 0 0 0 0 1
00026296_000.png 0 0 0 0 0 0 0 0 0 0 0 0 0 0 1
00010189_000.png 0 0 0 0 0 0 0 0 0 0 0 0 0 0 1
00001185_000.png 0 0 0 0 0 0 0 0 0 0 0 0 0 0 1
00020555_000.png 0 0 0 0 0 0 0 0 0 0 0 0 0 0 1
00019857_000.png 0 0 0 0 0 0 0 0 0 0 0 0 0 0 1
00019857_001.png 0 0 0 0 0 0 0 0 0 0 0 0 0 0 1
00019857_002.png 0 0 0 0 0 0 0 0 0 0 0 0 0 0 1
00025254_000.png 0 0 0 1 0 0 0 0 0 0 0 0 0 0 0
00025254_001.png 0 0 0 0 0 0 0 0 0 0 0 0 0 0 1
00013103_000.png 0 0 0 0 0 0 0 0 0 0 0 0 0 0 1
00000022_000.png 0 0 0 0 0 0 0 0 0 0 0 0 0 0 1
00000022_001.png 0 0 0 0 0 0 0 0 0 0 0 1 0 0 0
00008065_000.png 0 0 0 0 0 0 0 0 0 0 0 0 0 0 1
00008065_001.png 0 0 0 0 0 0 0 0 0 0 0 0 0 0 1
00022534_000.png 0 0 0 0 0 0 0 0 0 0 0 0 0 0 1
00006240_000.png 0 0 0 0 0 0 0 0 0 0 0 0 0 0 1
00027064_000.png 1 0 0 0 0 0 0 0 0 0 0 0 0 0 0
00017407_000.png 0 0 0 0 0 0 0 0 0 0 0 0 0 0 1
00016913_000.png 0 0 0 0 0 0 0 0 0 0 0 0 0 0 1
00016913_001.png 0 0 0 0 0 0 0 0 0 0 0 0 0 0 1
00016913_002.png 0 0 0 0 0 0 0 0 0 0 0 0 0 0 1
00016913_003.png 0 0 0 0 0 0 0 0 0 0 0 0 0 0 1
00015352_000.png 0 0 0 0 0 0 0 0 0 0 0 0 0 0 1
00009916_000.png 0 0 0 0 0 0 0 0 0 0 0 0 0 0 1
00009916_001.png 0 0 0 0 0 0 0 0 0 0 0 0 0 0 1
00009916_002.png 0 0 0 0 0 0 0 0 0 0 0 0 0 0 1
00009916_003.png 0 0 0 0 0 0 0 0 0 0 0 1 0 0 0
00009916_004.png 0 0 0 0 0 0 0 0 0 0 0 0 0 0 1
00009916_005.png 0 0 0 0 0 0 0 1 0 0 0 0 0 0 0
00006711_000.png 0 0 0 0 0 0 0 0 0 0 0 0 0 0 1
00022789_000.png 0 0 1 0 0 0 0 0 0 0 0 0 0 0 0
00022789_001.png 1 0 1 0 0 0 0 0 0 0 0 0 0 0 0
00022789_002.png 0 0 0 0 0 0 0 0 0 0 0 0 0 0 1
00026946_000.png 0 0 0 1 0 0 0 0 0 0 0 0 0 0 0
00026946_001.png 0 0 0 0 0 0 0 0 0 0 0 0 0 0 1
00001445_000.png 0 0 0 0 0 0 0 0 0 0 0 0 0 0 1
00001445_001.png 0 0 0 0 0 0 0 0 0 0 0 0 0 0 1
00001445_002.png 0 0 0 0 0 0 0 0 0 0 0 0 0 0 1
00001445_003.png 0 0 0 0 0 0 0 0 0 0 0 0 0 0 1
00013824_000.png 0 0 0 0 0 0 0 0 0 0 0 0 0 0 1
00026056_000.png 0 0 0 1 0 0 0 0 0 0 0 0 0 0 0
00022495_000.png 0 0 0 0 0 0 0 0 0 0 0 0 0 0 1
00011241_000.png 0 0 0 1 0 0 0 0 0 0 0 0 0 0 0
00011241_001.png 0 0 0 0 0 0 0 0 0 0 0 0 0 0 1
00011241_002.png 0 0 0 0 1 0 0 0 0 0 0 0 0 0 0
00019354_000.png 0 0 0 1 0 0 0 0 0 0 0 0 0 0 0
00019354_001.png 0 0 0 0 0 0 0 0 0 0 0 0 0 0 1
00019354_002.png 0 0 0 0 0 0 0 0 0 0 1 0 0 0 0
00019354_003.png 0 0 0 0 0 0 0 0 0 0 0 0 0 0 1
00019354_004.png 0 0 0 0 0 0 0 0 0 0 1 0 1 0 0
00009951_000.png 0 0 0 0 0 0 0 0 0 0 0 0 0 0 1
00009951_001.png 0 0 0 0 0 1 0 0 0 0 0 0 0 0 0
00009951_002.png 0 0 0 0 0 0 0 0 0 0 0 0 0 0 1
00009951_003.png 0 0 0 0 0 0 0 0 0 0 0 0 0 0 1
00001820_000.png 0 0 0 0 0 0 0 0 0 0 0 0 0 0 1
00001820_001.png 0 0 0 0 0 0 0 0 0 0 0 0 0 0 1
00001820_002.png 0 0 0 0 0 0 0 0 0 0 0 0 0 0 1
00001820_003.png 0 0 0 0 0 0 0 0 0 0 0 0 0 0 1
00001820_004.png 0 0 0 0 0 0 0 0 0 0 0 0 0 0 1
00001820_005.png 0 0 0 0 0 0 0 0 0 0 0 0 0 0 1
00001820_006.png 0 0 0 0 0 0 0 0 0 0 0 0 0 0 1
00001820_007.png 0 0 0 0 0 0 0 0 0 0 0 0 0 0 1
00029773_000.png 0 0 0 1 0 0 0 0 0 0 0 0 0 0 0
00029174_000.png 0 0 0 0 0 0 0 0 0 0 0 0 0 0 1
00029174_001.png 0 0 0 1 0 0 0 0 0 0 0 0 0 0 0
00029174_002.png 1 0 0 1 0 0 0 0 0 0 0 0 0 0 0
00029174_003.png 0 0 0 1 0 0 0 0 0 0 0 0 0 0 0
00029174_004.png 1 0 0 0 0 0 0 0 0 0 0 0 0 0 0
00029174_005.png 0 0 0 0 0 0 0 0 0 0 0 0 0 0 1
00000971_000.png 0 0 0 0 0 1 0 0 0 0 0 0 0 0 0
00000971_001.png 0 0 0 0 0 0 0 0 0 0 0 0 0 0 1
00000971_002.png 0 0 0 0 0 1 0 0 0 0 0 0 0 0 0
00000971_003.png 0 0 0 0 0 0 0 0 0 0 0 0 0 0 1
00027802_000.png 0 0 0 0 0 0 0 0 0 0 0 0 0 0 1
00027802_001.png 0 0 0 0 0 0 0 0 0 0 0 0 0 0 1
00027802_002.png 0 0 0 0 0 0 0 0 0 0 0 0 0 0 1
00011472_000.png 0 0 0 1 0 0 0 0 0 0 0 0 0 0 0
00011472_001.png 0 0 0 0 0 0 1 0 0 0 0 0 0 0 0
00023957_000.png 0 0 0 0 0 1 0 0 0 0 0 0 0 0 0
00007076_000.png 0 0 1 0 0 0 0 0 0 0 0 0 0 0 0
00007076_001.png 0 0 0 1 0 0 0 0 0 0 0 0 0 0 0
00007076_002.png 0 0 0 1 0 0 0 0 0 0 0 0 0 0 0
00007076_003.png 1 0 0 1 0 0 0 0 0 0 0 0 0 0 0
00007076_004.png 0 0 1 1 0 1 0 0 0 0 0 0 0 0 0
00007076_005.png 1 0 1 1 0 0 0 0 0 0 0 0 0 0 0
00007076_006.png 0 0 0 0 0 1 0 0 0 0 0 0 0 0 0
00007076_007.png 0 0 0 0 0 0 0 0 0 0 0 0 0 0 1
00007076_008.png 0 0 0 1 0 1 0 0 0 0 0 0 0 0 0
00007076_009.png 0 0 0 1 0 1 0 0 0 0 0 0 0 0 0
00007076_010.png 0 0 1 0 0 0 0 0 0 0 0 0 0 0 0
00007076_011.png 0 0 1 0 0 0 0 0 0 0 0 0 0 0 0
00007076_012.png 0 0 1 0 0 0 0 0 0 0 0 0 0 0 0
00007076_013.png 0 0 1 0 0 0 0 0 0 0 0 0 0 0 0
00007076_014.png 0 0 0 0 0 0 0 1 0 0 0 0 0 0 0
00007076_015.png 0 0 0 0 0 0 0 1 0 0 0 0 0 0 0